spawn:
  worldName: Lobby
  x: 85.0
  y: 129.0
  z: 85.0
  pitch: -1.6496022
  yaw: -91.07189